9.241067	99.86262
9.241176	99.86276
9.241275	99.86292
9.241371	99.86307
9.241454	99.86323
9.241517	99.86323
9.241555	99.86358
9.241575	99.86376
9.241593	99.86388
9.241606	99.86394
9.241658	99.86411
9.24173	99.86428
9.24182	99.86444
9.241927	99.86459
9.24205	99.86472
9.242187	99.86484
9.24233	99.86495
9.242353	99.86497
9.242472	99.86506
9.242614	99.86517
9.242757	99.86529
9.242899	99.8654
9.243045	99.86551
9.243197	99.8656
9.243356	99.86569
9.24352	99.86577
9.243689	99.86583
9.243862	99.86589
9.244038	99.86593
9.244216	99.86596
9.244396	99.86598
9.244577	99.86598
9.244758	99.86599
9.244938	99.86599
9.245119	99.86599
9.2453	99.866
9.245481	99.866
9.245662	99.866
9.245843	99.86601
9.246024	99.86601
9.246204	99.86601
9.246385	99.86601
9.246566	99.86602
9.246747	99.86602
9.246928	99.86602
9.247109	99.86603
9.24729	99.86603
9.24747	99.86603
9.247651	99.86604
9.247832	99.86604
9.248013	99.86604
9.248194	99.86604
9.248375	99.86605
9.248556	99.86605
9.248736	99.86605
9.248917	99.86606
9.249098	99.86606
9.249279	99.86606
9.24946	99.86607
9.249641	99.86607
9.249822	99.86607
9.250002	99.86607
9.250183	99.86608
9.250364	99.86608
9.250545	99.86608
9.250726	99.86609
9.250907	99.86609
9.251088	99.86609
9.251268	99.8661
9.251449	99.8661
9.25163	99.8661
9.251811	99.8661
9.251992	99.86611
9.252173	99.86611
9.252354	99.86611
9.252534	99.86612
9.252715	99.86612
9.252896	99.86612
9.253077	99.86612
9.253258	99.86613
9.253439	99.86613
9.253619	99.86613
9.2538	99.86614
9.253981	99.86614
9.254162	99.86614
9.254343	99.86615
9.254524	99.86615
9.254705	99.86615
9.254885	99.86615
9.255066	99.86616
9.255247	99.86616
9.255428	99.86616
9.255609	99.86617
9.25579	99.86617
9.255971	99.86617
9.256151	99.86618
9.256332	99.86618
9.256513	99.86618
9.256694	99.86618
9.256875	99.86619
9.257056	99.86619
9.257237	99.86619
9.257417	99.8662
9.257598	99.8662
9.257779	99.8662
9.25796	99.86621
9.258141	99.86621
9.258322	99.86621
9.258503	99.86621
9.258683	99.86622
9.258864	99.86622
9.259045	99.86622
9.259226	99.86623
9.259407	99.86623
9.259588	99.86623
9.259769	99.86624
9.259949	99.86624
9.26013	99.86624
9.260311	99.86624
9.260492	99.86625
9.260673	99.86625
9.260854	99.86625
9.261034	99.86626
9.261215	99.86626
9.261396	99.86626
9.261577	99.86627
9.261758	99.86627
9.261939	99.86627
9.26212	99.86627
9.262301	99.86628
9.262481	99.86628
9.262662	99.86628
9.262843	99.86629
9.263024	99.86629
9.263205	99.86629
9.263386	99.8663
9.263566	99.8663
9.263747	99.8663
9.263928	99.8663
9.264109	99.86631
9.26429	99.86631
9.264471	99.86631
9.264652	99.86632
9.264832	99.86632
9.265013	99.86632
9.265194	99.86633
9.265375	99.86633
9.265556	99.86633
9.265737	99.86633
9.265918	99.86634
9.266098	99.86634
9.266279	99.86634
9.26646	99.86635
9.266641	99.86635
9.266822	99.86635
9.267003	99.86636
9.267184	99.86636
9.267364	99.86636
9.267545	99.86636
9.267726	99.86637
9.267907	99.86637
9.268088	99.86637
9.268269	99.86638
9.26845	99.86638
9.26863	99.86638
9.268811	99.86639
9.268992	99.86639
9.269173	99.86639
9.269354	99.86639
9.269535	99.8664
9.269716	99.8664
9.269896	99.8664
9.270077	99.86641
9.270258	99.86641
9.270439	99.86641
9.27062	99.86642
9.270801	99.86642
9.270982	99.86642
9.271162	99.86642
9.271343	99.86643
9.271524	99.86643
9.271705	99.86643
9.271886	99.86644
9.272067	99.86644
9.272247	99.86644
9.272428	99.86645
9.272609	99.86645
9.27279	99.86645
9.272971	99.86645
9.273152	99.86646
9.273333	99.86646
9.273513	99.86646
9.273694	99.86647
9.273875	99.86647
9.274056	99.86647
9.274237	99.86648
9.274418	99.86648
9.274599	99.86648
9.274779	99.86648
9.27496	99.86649
9.275141	99.86649
9.275322	99.86649
9.275503	99.8665
9.275684	99.8665
9.275865	99.8665
9.276045	99.86651
9.276226	99.86651
9.276407	99.86651
9.276588	99.86651
9.276769	99.86652
9.27695	99.86652
9.277131	99.86652
9.277311	99.86653
9.277492	99.86653
9.277673	99.86653
9.277854	99.86654
9.278035	99.86654
9.278216	99.86654
9.278396	99.86654
9.278577	99.86655
9.278758	99.86655
9.278939	99.86655
9.27912	99.86656
9.279301	99.86656
9.279482	99.86656
9.279663	99.86657
9.279843	99.86657
9.280024	99.86657
9.280205	99.86657
9.280386	99.86658
9.280567	99.86658
9.280748	99.86658
9.280929	99.86659
9.281109	99.86659
9.28129	99.86659
9.281471	99.8666
9.281652	99.8666
9.281833	99.8666
9.282014	99.8666
9.282194	99.86661
9.282375	99.86661
9.282556	99.86661
9.282737	99.86662
9.282918	99.86662
9.283099	99.86662
9.28328	99.86663
9.28346	99.86663
9.283641	99.86663
9.283822	99.86663
9.284003	99.86664
9.284184	99.86664
9.284365	99.86664
9.284546	99.86665
9.284726	99.86665
9.284907	99.86665
9.285088	99.86666
9.285269	99.86666
9.28545	99.86666
9.285631	99.86666
9.285812	99.86667
9.285992	99.86667
9.286173	99.86667
9.286354	99.86668
9.286535	99.86668
9.286716	99.86668
9.286897	99.86669
9.287078	99.86669
9.287258	99.86669
9.287439	99.86669
9.28762	99.8667
9.287801	99.8667
9.287982	99.8667
9.288163	99.86671
9.288344	99.86671
9.288524	99.86671
9.288705	99.86672
9.288886	99.86672
9.289067	99.86672
9.289248	99.86672
9.289429	99.86673
9.289609	99.86673
9.28979	99.86673
9.289971	99.86674
9.290152	99.86674
9.290333	99.86674
9.290514	99.86675
9.290695	99.86675
9.290875	99.86675
9.291056	99.86675
9.291237	99.86676
9.291418	99.86676
9.291599	99.86676
9.29178	99.86677
9.291961	99.86677
9.292141	99.86677
9.292322	99.86678
9.292503	99.86678
9.292684	99.86678
9.292865	99.86678
9.293046	99.86679
9.293227	99.86679
9.293407	99.86679
9.293588	99.8668
9.293769	99.8668
9.29395	99.8668
9.294131	99.86681
9.294312	99.86681
9.294493	99.86681
9.294673	99.86681
9.294854	99.86682
9.295035	99.86682
9.295216	99.86682
9.295397	99.86683
9.295578	99.86683
9.295759	99.86683
9.295939	99.86684
9.29612	99.86684
9.296301	99.86684
9.296482	99.86684
9.296663	99.86685
9.296844	99.86685
9.297024	99.86685
9.297205	99.86686
9.297386	99.86686
9.297567	99.86686
9.297748	99.86687
9.297929	99.86687
9.29811	99.86687
9.298291	99.86688
9.298471	99.86688
9.298652	99.86688
9.298833	99.86688
9.299014	99.86689
9.299195	99.86689
9.299376	99.86689
9.299556	99.8669
9.299737	99.8669
9.299918	99.8669
9.300099	99.86691
9.30028	99.86691
9.300461	99.86691
9.300642	99.86691
9.300822	99.86692
9.301003	99.86692
9.301184	99.86692
9.301365	99.86693
9.301546	99.86693
9.301727	99.86693
9.301908	99.86694
9.302088	99.86694
9.302269	99.86694
9.30245	99.86694
9.302631	99.86695
9.302812	99.86695
9.302993	99.86695
9.303174	99.86696
9.303354	99.86696
9.303535	99.86696
9.303716	99.86697
9.303897	99.86697
9.304078	99.86697
9.304259	99.86697
9.30444	99.86698
9.30462	99.86698
9.304801	99.86698
9.304982	99.86699
9.305163	99.86699
9.305344	99.86699
9.305525	99.867
9.305705	99.867
9.305886	99.867
9.306067	99.867
9.306248	99.86701
9.306429	99.86701
9.30661	99.86701
9.306791	99.86702
9.306971	99.86702
9.307152	99.86702
9.307333	99.86703
9.307514	99.86703
9.307695	99.86703
9.307876	99.86703
9.308057	99.86704
9.308237	99.86704
9.308418	99.86704
9.308599	99.86705
9.30878	99.86705
9.308961	99.86705
9.309142	99.86706
9.309323	99.86706
9.309503	99.86706
9.309684	99.86706
9.309865	99.86707
9.310046	99.86707
9.310227	99.86707
9.310408	99.86708
9.310589	99.86708
9.310769	99.86708
9.31095	99.86709
9.311131	99.86709
9.311312	99.86709
9.311493	99.86709
9.311674	99.8671
9.311855	99.8671
9.312035	99.8671
9.312216	99.86711
9.312397	99.86711
9.312578	99.86711
9.312759	99.86712
9.31294	99.86712
9.31312	99.86712
9.313301	99.86712
9.313482	99.86713
9.313663	99.86713
9.313844	99.86713
9.314025	99.86714
9.314206	99.86714
9.314386	99.86714
9.314567	99.86715
9.314748	99.86715
9.314929	99.86715
9.31511	99.86715
9.315291	99.86716
9.315472	99.86716
9.315652	99.86716
9.315833	99.86717
9.316014	99.86717
9.316195	99.86717
9.316376	99.86718
9.316557	99.86718
9.316738	99.86718
9.316918	99.86718
9.317099	99.86719
9.31728	99.86719
9.317461	99.86719
9.317642	99.8672
9.317823	99.8672
9.318004	99.8672
9.318184	99.86721
9.318365	99.86721
9.318546	99.86721
9.318727	99.86721
9.318908	99.86722
9.319089	99.86722
9.31927	99.86722
9.31945	99.86723
9.319631	99.86723
9.319812	99.86723
9.319993	99.86724
9.320174	99.86724
9.320355	99.86724
9.320536	99.86724
9.320716	99.86725
9.320897	99.86725
9.321078	99.86725
9.321259	99.86726
9.32144	99.86726
9.321621	99.86726
9.321801	99.86727
9.321982	99.86727
9.322163	99.86727
9.322344	99.86727
9.322525	99.86728
9.322706	99.86728
9.322887	99.86728
9.323067	99.86729
9.323248	99.86729
9.323429	99.86729
9.32361	99.8673
9.323791	99.8673
9.323972	99.8673
9.324153	99.8673
9.324333	99.86731
9.324514	99.86731
9.324695	99.86731
9.324876	99.86732
9.325057	99.86732
9.325238	99.86732
9.325419	99.86733
9.325599	99.86733
9.32578	99.86733
9.325961	99.86733
9.326142	99.86734
9.326323	99.86734
9.326504	99.86734
9.326685	99.86735
9.326865	99.86735
9.327046	99.86735
9.327227	99.86736
9.327408	99.86736
9.327589	99.86736
9.32777	99.86736
9.32795	99.86737
9.328131	99.86737
9.328312	99.86737
9.328493	99.86738
9.328674	99.86738
9.328855	99.86738
9.329036	99.86739
9.329216	99.86739
9.329397	99.86739
9.329578	99.86739
9.329759	99.8674
9.32994	99.8674
9.330121	99.8674
9.330302	99.86741
9.330482	99.86741
9.330663	99.86741
9.330844	99.86742
9.331025	99.86742
9.331206	99.86742
9.331387	99.86742
9.331568	99.86743
9.331748	99.86743
9.331929	99.86743
9.33211	99.86744
9.332291	99.86744
9.332472	99.86744
9.332653	99.86745
9.332834	99.86745
9.333014	99.86745
9.333195	99.86745
9.333376	99.86746
9.333557	99.86746
9.333738	99.86746
9.333919	99.86747
9.3341	99.86747
9.33428	99.86747
9.334461	99.86748
9.334642	99.86748
9.334823	99.86748
9.335004	99.86748
9.335185	99.86749
9.335365	99.86749
9.335546	99.86749
9.335727	99.8675
9.335908	99.8675
9.336089	99.8675
9.33627	99.86751
9.336451	99.86751
9.336631	99.86751
9.336812	99.86751
9.336993	99.86752
9.337174	99.86752
9.337355	99.86752
9.337536	99.86753
9.337717	99.86753
9.337897	99.86753
9.338078	99.86754
9.338259	99.86754
9.33844	99.86754
9.338621	99.86754
9.338802	99.86755
9.338983	99.86755
9.339163	99.86755
9.339344	99.86756
9.339525	99.86756
9.339706	99.86756
9.339887	99.86757
9.340068	99.86757
9.340249	99.86757
9.340429	99.86757
9.34061	99.86758
9.340791	99.86758
9.340972	99.86758
9.341153	99.86759
9.341334	99.86759
9.341515	99.86759
9.341695	99.8676
9.341876	99.8676
9.342057	99.8676
9.342238	99.8676
9.342419	99.86761
9.3426	99.86761
9.34278	99.86761
9.342961	99.86762
9.343142	99.86762
9.343323	99.86762
9.343504	99.86763
9.343685	99.86763
9.343866	99.86763
9.344046	99.86763
9.344227	99.86764
9.344408	99.86764
9.344589	99.86764
9.34477	99.86765
9.344951	99.86765
9.345132	99.86765
9.345312	99.86766
9.345493	99.86766
9.345674	99.86766
9.345855	99.86766
9.346036	99.86767
9.346217	99.86767
9.346398	99.86767
9.346578	99.86768
9.346759	99.86768
9.34694	99.86768
9.347121	99.86769
9.347302	99.86769
9.347483	99.86769
9.347664	99.86769
9.347844	99.8677
9.348025	99.8677
9.348206	99.8677
9.348387	99.86771
9.348568	99.86771
9.348749	99.86771
9.34893	99.86772
9.34911	99.86772
9.349291	99.86772
9.349472	99.86772
9.349653	99.86773
9.349834	99.86773
9.350015	99.86773
9.350195	99.86774
9.350376	99.86774
9.350557	99.86774
9.350738	99.86775
9.350919	99.86775
9.3511	99.86775
9.351281	99.86775
9.351461	99.86776
9.351642	99.86776
9.351823	99.86776
9.352004	99.86777
9.352185	99.86777
9.352366	99.86777
9.352547	99.86778
9.352727	99.86778
9.352908	99.86778
9.353089	99.86778
9.35327	99.86779
9.353451	99.86779
9.353632	99.86779
9.353813	99.8678
9.353993	99.8678
9.354174	99.8678
9.354355	99.86781
9.354536	99.86781
9.354717	99.86781
9.354898	99.86782
9.355078	99.86783
9.355259	99.86784
9.355439	99.86785
9.35562	99.86786
9.3558	99.86787
9.355981	99.86789
9.356161	99.86791
9.356341	99.86792
9.356521	99.86794
9.3567	99.86796
9.35688	99.86799
9.357059	99.86801
9.357238	99.86804
9.357417	99.86806
9.357596	99.86809
9.357774	99.86812
9.357953	99.86815
9.358131	99.86818
9.358308	99.86822
9.358486	99.86825
9.358663	99.86829
9.35884	99.86833
9.359017	99.86836
9.359194	99.8684
9.359371	99.86844
9.359548	99.86848
9.359725	99.86851
9.359902	99.86855
9.360079	99.86859
9.360256	99.86863
9.360433	99.86866
9.36061	99.8687
9.360787	99.86874
9.360964	99.86878
9.361141	99.86881
9.361318	99.86885
9.361495	99.86889
9.361672	99.86893
9.361849	99.86896
9.362026	99.869
9.362203	99.86904
9.36238	99.86908
9.362557	99.86911
9.362734	99.86915
9.362911	99.86919
9.363088	99.86923
9.363265	99.86926
9.363442	99.8693
9.363619	99.86934
9.363796	99.86938
9.363973	99.86941
9.36415	99.86945
9.364327	99.86949
9.364504	99.86953
9.364681	99.86956
9.364858	99.8696
9.365035	99.86964
9.365212	99.86968
9.365389	99.86971
9.365566	99.86975
9.365743	99.86979
9.36592	99.86983
9.366097	99.86986
9.366274	99.8699
9.366451	99.86994
9.366628	99.86998
9.366805	99.87001
9.366982	99.87005
9.367159	99.87009
9.367336	99.87013
9.367513	99.87016
9.36769	99.8702
9.367867	99.87024
9.368044	99.87028
9.368221	99.87031
9.368398	99.87035
9.368575	99.87039
9.368752	99.87043
9.368929	99.87046
9.369106	99.8705
9.369283	99.87054
9.36946	99.87058
9.369637	99.87061
9.369814	99.87065
9.369991	99.87069
9.370168	99.87073
9.370345	99.87076
9.370522	99.8708
9.370699	99.87084
9.370876	99.87088
9.371053	99.87091
9.37123	99.87095
9.371407	99.87099
9.371584	99.87103
9.371761	99.87106
9.371938	99.8711
9.372115	99.87114
9.372292	99.87118
9.372469	99.87121
9.372646	99.87125
9.372823	99.87129
9.373	99.87133
9.373177	99.87136
9.373354	99.8714
9.373531	99.87144
9.373708	99.87148
9.373885	99.87151
9.374062	99.87155
9.374239	99.87159
9.374416	99.87163
9.374593	99.87166
9.37477	99.8717
9.374947	99.87174
9.375124	99.87178
9.375301	99.87181
9.375478	99.87185
9.375655	99.87189
9.375832	99.87192
9.376009	99.87196
9.376186	99.872
9.376363	99.87204
9.37654	99.87207
9.376717	99.87211
9.376894	99.87215
9.377071	99.87219
9.377248	99.87222
9.377425	99.87226
9.377602	99.8723
9.377779	99.87234
9.377957	99.87237
9.378133	99.87241
9.378311	99.87245
9.378488	99.87249
9.378664	99.87252
9.378842	99.87256
9.379019	99.8726
9.379196	99.87264
9.379373	99.87267
9.37955	99.87271
9.379727	99.87275
9.379904	99.87279
9.380081	99.87282
9.380258	99.87286
9.380435	99.8729
9.380612	99.87294
9.380789	99.87297
9.380966	99.87301
9.381143	99.87305
9.38132	99.87309
9.381497	99.87312
9.381674	99.87316
9.381851	99.8732
9.382028	99.87324
9.382205	99.87327
9.382382	99.87331
9.382559	99.87335
9.382736	99.87339
9.382913	99.87342
9.38309	99.87346
9.383267	99.8735
9.383444	99.87354
9.383621	99.87357
9.383798	99.87361
9.383975	99.87365
9.384152	99.87369
9.384329	99.87372
9.384506	99.87376
9.384683	99.8738
9.38486	99.87384
9.385037	99.87387
9.385214	99.87391
9.385391	99.87395
9.385568	99.87399
9.385745	99.87402
9.385922	99.87406
9.386099	99.8741
9.386276	99.87414
9.386453	99.87417
9.38663	99.87421
9.386807	99.87425
9.386984	99.87429
9.387161	99.87432
9.387338	99.87436
9.387515	99.8744
9.387692	99.87444
9.387869	99.87447
9.388046	99.87451
9.388223	99.87455
9.3884	99.87459
9.388577	99.87462
9.388754	99.87466
9.388931	99.8747
9.389108	99.87474
9.389285	99.87477
9.389462	99.87481
9.389639	99.87485
9.389816	99.87489
9.389993	99.87492
9.39017	99.87496
9.390347	99.875
9.390524	99.87504
9.390701	99.87507
9.390878	99.87511
9.391055	99.87515
9.391232	99.87519
9.391409	99.87522
9.391586	99.87526
9.391763	99.8753
9.39194	99.87534
9.392117	99.87537
9.392294	99.87541
9.392471	99.87545
9.392648	99.87549
9.392825	99.87552
9.393002	99.87556
9.393179	99.8756
9.393356	99.87564
9.393533	99.87567
9.39371	99.87571
9.393887	99.87575
9.394064	99.87579
9.394241	99.87582
9.394418	99.87586
9.394595	99.8759
9.394772	99.87594
9.394949	99.87597
9.395126	99.87601
9.395303	99.87605
9.39548	99.87609
9.395657	99.87612
9.395834	99.87616
9.396011	99.8762
9.396188	99.87624
9.396365	99.87627
9.396542	99.87631
9.396719	99.87635
9.396896	99.87639
9.397073	99.87642
9.39725	99.87646
9.397427	99.8765
9.397604	99.87654
9.397781	99.87657
9.397958	99.87661
9.398135	99.87665
9.398312	99.87669
9.398489	99.87672
9.398666	99.87676
9.398843	99.8768
9.39902	99.87684
9.399197	99.87687
9.399374	99.87691
9.399551	99.87695
9.399728	99.87699
9.399905	99.87702
9.400082	99.87706
9.400259	99.8771
9.400436	99.87714
9.400613	99.87717
9.40079	99.87721
9.400967	99.87725
9.401144	99.87729
9.401321	99.87732
9.401498	99.87736
9.401675	99.8774
9.401852	99.87744
9.402029	99.87747
9.402206	99.87751
9.402383	99.87755
9.40256	99.87759
9.402737	99.87762
9.402914	99.87766
9.403091	99.8777
9.403268	99.87774
9.403445	99.87777
9.403622	99.87781
9.403799	99.87785
9.403976	99.87789
9.404153	99.87792
9.40433	99.87796
9.404507	99.878
9.404684	99.87804
9.404861	99.87807
9.405038	99.87811
9.405215	99.87815
9.405392	99.87819
9.405569	99.87822
9.405746	99.87826
9.405923	99.8783
9.4061	99.87834
9.406277	99.87837
9.406454	99.87841
9.406631	99.87845
9.406808	99.87849
9.406985	99.87852
9.407162	99.87856
9.407339	99.8786
9.407516	99.87864
9.407693	99.87867
9.40787	99.87871
9.408047	99.87875
9.408224	99.87879
9.408401	99.87882
9.408578	99.87886
9.408755	99.8789
9.408932	99.87894
9.409109	99.87897
9.409286	99.87901
9.409463	99.87905
9.40964	99.87909
9.409817	99.87912
9.409994	99.87916
9.410171	99.8792
9.410348	99.87924
9.410525	99.87927
9.410702	99.87931
9.410879	99.87935
9.411056	99.87939
9.411233	99.87942
9.41141	99.87946
9.411587	99.8795
9.411764	99.87954
9.411941	99.87957
9.412118	99.87961
9.412295	99.87965
9.412472	99.87969
9.412649	99.87972
9.412826	99.87976
9.413003	99.8798
9.41318	99.87984
9.413357	99.87987
9.413534	99.87991
9.413711	99.87995
9.413888	99.87999
9.414065	99.88002
9.414242	99.88006
9.414419	99.8801
9.414596	99.88014
9.414773	99.88017
9.41495	99.88021
9.415127	99.88025
9.415304	99.88029
9.415481	99.88032
9.415658	99.88036
9.415835	99.8804
9.416012	99.88043
9.416189	99.88047
9.416366	99.88051
9.416543	99.88055
9.41672	99.88058
9.416897	99.88062
9.417074	99.88066
9.417251	99.8807
9.417428	99.88073
9.417605	99.88077
9.417782	99.88081
9.41796	99.88085
9.418136	99.88088
9.418313	99.88092
9.418491	99.88096
9.418667	99.881
9.418845	99.88103
9.419022	99.88107
9.419198	99.88111
9.419376	99.88115
9.419553	99.88118
9.41973	99.88122
9.419907	99.88126
9.420084	99.8813
9.420261	99.88133
9.420438	99.88137
9.420615	99.88141
9.420792	99.88145
9.420969	99.88148
9.421146	99.88152
9.421323	99.88156
9.4215	99.8816
9.421677	99.88163
9.421854	99.88167
9.422031	99.88171
9.422208	99.88175
9.422385	99.88178
9.422562	99.88182
9.422739	99.88186
9.422917	99.88189
9.423094	99.88193
9.423273	99.88196
9.423451	99.88199
9.42363	99.88202
9.423808	99.88204
9.423988	99.88207
9.424167	99.88209
9.424346	99.88212
9.424526	99.88214
9.424706	99.88216
9.424886	99.88218
9.425066	99.88219
9.425246	99.88221
9.425426	99.88223
9.425606	99.88224
9.425786	99.88226
9.425966	99.88227
9.426147	99.88229
9.426327	99.88231
9.426507	99.88232
9.426687	99.88234
9.426867	99.88235
9.427047	99.88237
9.427228	99.88239
9.427408	99.8824
9.427588	99.88242
9.427768	99.88244
9.427948	99.88245
9.428128	99.88247
9.428309	99.88248
9.428489	99.8825
9.428669	99.88252
9.428849	99.88253
9.429029	99.88255
9.429209	99.88256
9.42939	99.88258
9.42957	99.8826
9.42975	99.88261
9.42993	99.88263
9.43011	99.88265
9.43029	99.88266
9.430471	99.88268
9.430651	99.88269
9.430831	99.88271
9.431011	99.88273
9.431191	99.88274
9.431371	99.88276
9.431551	99.88277
9.431732	99.88279
9.431912	99.88281
9.432092	99.88282
9.432272	99.88284
9.432452	99.88286
9.432632	99.88287
9.432813	99.88289
9.432993	99.8829
9.433173	99.88292
9.433353	99.88294
9.433533	99.88295
9.433713	99.88297
9.433894	99.88298
9.434074	99.883
9.434254	99.88302
9.434434	99.88303
9.434614	99.88305
9.434794	99.88307
9.434975	99.88308
9.435155	99.8831
9.435335	99.88311
9.435515	99.88313
9.435695	99.88315
9.435875	99.88316
9.436056	99.88318
9.436236	99.8832
9.436416	99.88321
9.436596	99.88323
9.436776	99.88324
9.436956	99.88326
9.437137	99.88328
9.437317	99.88329
9.437497	99.88331
9.437677	99.88332
9.437857	99.88334
9.438037	99.88336
9.438218	99.88337
9.438398	99.88339
9.438578	99.88341
9.438758	99.88342
9.438938	99.88344
9.439118	99.88345
9.439299	99.88347
9.439479	99.88349
9.439659	99.8835
9.439839	99.88352
9.440019	99.88353
9.440199	99.88355
9.440379	99.88357
9.44056	99.88358
9.44074	99.8836
9.44092	99.88362
9.4411	99.88363
9.44128	99.88365
9.44146	99.88366
9.441641	99.88368
9.441821	99.8837
9.442001	99.88371
9.442181	99.88373
9.442361	99.88374
9.442541	99.88376
9.442722	99.88378
9.442902	99.88379
9.443082	99.88381
9.443262	99.88383
9.443442	99.88384
9.443622	99.88386
9.443803	99.88387
9.443983	99.88389
9.444163	99.88391
9.444343	99.88392
9.444523	99.88394
9.444703	99.88395
9.444884	99.88397
9.445064	99.88399
9.445244	99.884
9.445424	99.88402
9.445604	99.88404
9.445784	99.88405
9.445965	99.88407
9.446145	99.88408
9.446325	99.8841
9.446505	99.88412
9.446685	99.88413
9.446865	99.88415
9.447045	99.88417
9.447226	99.88418
9.447406	99.8842
9.447586	99.88421
9.447766	99.88423
9.447946	99.88425
9.448126	99.88426
9.448307	99.88428
9.448487	99.88429
9.448667	99.88431
9.448847	99.88433
9.449027	99.88434
9.449207	99.88436
9.449388	99.88438
9.449568	99.88439
9.449748	99.88441
9.449928	99.88442
9.450108	99.88444
9.450288	99.88446
9.450469	99.88447
9.450649	99.88449
9.450829	99.8845
9.451009	99.88452
9.451189	99.88454
9.451369	99.88455
9.45155	99.88457
9.45173	99.88459
9.45191	99.8846
9.45209	99.88462
9.45227	99.88463
9.45245	99.88465
9.452631	99.88467
9.452811	99.88468
9.452991	99.8847
9.453171	99.88471
9.453351	99.88473
9.453531	99.88475
9.453712	99.88476
9.453892	99.88478
9.454072	99.8848
9.454252	99.88481
9.454432	99.88483
9.454612	99.88484
9.454792	99.88486
9.454973	99.88488
9.455153	99.88489
9.455333	99.88491
9.455513	99.88492
9.455693	99.88494
9.455873	99.88496
9.456054	99.88497
9.456234	99.88499
9.456414	99.88501
9.456594	99.88502
9.456774	99.88504
9.456954	99.88505
9.457135	99.88507
9.457315	99.88509
9.457495	99.8851
9.457675	99.88512
9.457855	99.88514
9.458035	99.88515
9.458216	99.88517
9.458396	99.88518
9.458576	99.8852
9.458756	99.88522
9.458936	99.88523
9.459116	99.88525
9.459297	99.88526
9.459477	99.88528
9.459657	99.8853
9.459837	99.88531
9.460017	99.88533
9.460197	99.88535
9.460378	99.88536
9.460558	99.88538
9.460738	99.88539
9.460918	99.88541
9.461098	99.88543
9.461278	99.88544
9.461458	99.88546
9.461639	99.88547
9.461819	99.88549
9.461999	99.88551
9.462179	99.88552
9.462359	99.88554
9.462539	99.88556
9.46272	99.88557
9.4629	99.88559
9.46308	99.8856
9.46326	99.88562
9.46344	99.88564
9.46362	99.88565
9.463801	99.88567
9.463981	99.88568
9.464161	99.8857
9.464341	99.88572
9.464521	99.88573
9.464701	99.88575
9.464882	99.88577
9.465062	99.88578
9.465242	99.8858
9.465422	99.88581
9.465602	99.88583
9.465782	99.88585
9.465963	99.88586
9.466143	99.88588
9.466323	99.8859
9.466503	99.88591
9.466683	99.88593
9.466863	99.88594
9.467044	99.88596
9.467224	99.88598
9.467404	99.88599
9.467584	99.88601
9.467764	99.88602
9.467944	99.88604
9.468124	99.88606
9.468305	99.88607
9.468485	99.88609
9.468665	99.88611
9.468845	99.88612
9.469025	99.88614
9.469205	99.88615
9.469386	99.88617
9.469566	99.88619
9.469746	99.8862
9.469926	99.88622
9.470106	99.88623
9.470286	99.88625
9.470467	99.88627
9.470647	99.88628
9.470827	99.8863
9.471007	99.88632
9.471187	99.88633
9.471367	99.88635
9.471548	99.88636
9.471728	99.88638
9.471908	99.8864
9.472088	99.88641
9.472268	99.88643
9.472448	99.88644
9.472629	99.88646
9.472809	99.88648
9.472989	99.88649
9.473169	99.88651
9.473349	99.88653
9.473529	99.88654
9.473709	99.88656
9.47389	99.88657
9.47407	99.88659
9.47425	99.88661
9.47443	99.88662
9.47461	99.88664
9.47479	99.88666
9.474971	99.88667
9.475151	99.88669
9.475331	99.8867
9.475511	99.88672
9.475691	99.88674
9.475871	99.88675
9.476052	99.88677
9.476232	99.88678
9.476412	99.8868
9.476592	99.88682
9.476772	99.88683
9.476952	99.88685
9.477133	99.88687
9.477313	99.88688
9.477493	99.8869
9.477673	99.88691
9.477853	99.88693
9.478033	99.88695
9.478214	99.88696
9.478394	99.88698
9.478574	99.88699
9.478754	99.88701
9.478934	99.88703
9.479114	99.88704
9.479295	99.88706
9.479475	99.88708
9.479655	99.88709
9.479835	99.88711
9.480015	99.88712
9.480195	99.88714
9.480375	99.88716
9.480556	99.88717
9.480736	99.88719
9.480916	99.88721
9.481096	99.88722
9.481276	99.88724
9.481456	99.88725
9.481637	99.88727
9.481817	99.88729
9.481997	99.8873
9.482177	99.88732
9.482357	99.88733
9.482537	99.88735
9.482718	99.88737
9.482898	99.88738
9.483078	99.8874
9.483258	99.88742
9.483438	99.88743
9.483618	99.88745
9.483799	99.88746
9.483979	99.88748
9.484159	99.8875
9.484339	99.88751
9.484519	99.88753
9.484699	99.88754
9.48488	99.88756
9.48506	99.88758
9.48524	99.88759
9.48542	99.88761
9.4856	99.88763
9.48578	99.88764
9.48596	99.88766
9.486141	99.88767
9.486321	99.88769
9.486501	99.88771
9.486681	99.88772
9.486861	99.88774
9.487041	99.88775
9.487222	99.88777
9.487402	99.88779
9.487582	99.8878
9.487762	99.88782
9.487942	99.88784
9.488122	99.88785
9.488303	99.88787
9.488483	99.88788
9.488663	99.8879
9.488843	99.88792
9.489023	99.88793
9.489203	99.88795
9.489384	99.88797
9.489564	99.88798
9.489744	99.888
9.489924	99.88801
9.490104	99.88803
9.490284	99.88805
9.490465	99.88806
9.490645	99.88808
9.490825	99.88809
9.491005	99.88811
9.491185	99.88813
9.491365	99.88814
9.491545	99.88816
9.491726	99.88818
9.491906	99.88819
9.492086	99.88821
9.492266	99.88822
9.492446	99.88824
9.492626	99.88826
9.492807	99.88827
9.492987	99.88829
9.493167	99.8883
9.493347	99.88832
9.493527	99.88834
9.493707	99.88835
9.493888	99.88837
9.494068	99.88839
9.494248	99.8884
9.494428	99.88842
9.494608	99.88843
9.494788	99.88845
9.494969	99.88847
9.495149	99.88848
9.495329	99.8885
9.495509	99.88852
9.495689	99.88853
9.495869	99.88855
9.49605	99.88856
9.49623	99.88858
9.49641	99.8886
9.49659	99.88861
9.49677	99.88863
9.49695	99.88864
9.497131	99.88866
9.497311	99.88868
9.497491	99.88869
9.497671	99.88871
9.497851	99.88873
9.498031	99.88874
9.498211	99.88876
9.498392	99.88877
9.498572	99.88879
9.498752	99.88881
9.498932	99.88882
9.499112	99.88884
9.499292	99.88885
9.499473	99.88887
9.499653	99.88889
9.499833	99.8889
9.500013	99.88892
9.500193	99.88894
9.500373	99.88895
9.500554	99.88897
9.500734	99.88898
9.500914	99.889
9.501094	99.88902
9.501274	99.88903
9.501454	99.88905
9.501635	99.88906
9.501815	99.88908
9.501995	99.8891
9.502175	99.88911
9.502355	99.88913
9.502535	99.88915
9.502716	99.88916
9.502896	99.88918
9.503076	99.88919
9.503256	99.88921
9.503436	99.88923
9.503616	99.88924
9.503796	99.88926
9.503977	99.88928
9.504157	99.88929
9.504337	99.88931
9.504517	99.88932
9.504697	99.88934
9.504877	99.88936
9.505058	99.88937
9.505238	99.88939
9.505418	99.8894
9.505598	99.88942
9.505778	99.88944
9.505958	99.88945
9.506139	99.88947
9.506319	99.88949
9.506499	99.8895
9.506679	99.88952
9.506859	99.88953
9.507039	99.88955
9.50722	99.88957
9.5074	99.88958
9.50758	99.8896
9.50776	99.88961
9.50794	99.88963
9.50812	99.88965
9.508301	99.88966
9.508481	99.88968
9.508661	99.8897
9.508841	99.88971
9.509021	99.88973
9.509201	99.88974
9.509381	99.88976
9.509562	99.88978
9.509742	99.88979
9.509922	99.88981
9.510102	99.88983
9.510282	99.88984
9.510462	99.88986
9.510643	99.88987
9.510823	99.88989
9.511003	99.88991
9.511183	99.88992
9.511363	99.88994
9.511543	99.88995
9.511724	99.88997
9.511904	99.88999
9.512084	99.89
9.512264	99.89002
9.512444	99.89004
9.512624	99.89005
9.512805	99.89007
9.512985	99.89008
9.513165	99.8901
9.513345	99.89012
9.513525	99.89013
9.513705	99.89015
9.513885	99.89016
9.514066	99.89018
9.514246	99.8902
9.514426	99.89021
9.514606	99.89023
9.514786	99.89025
9.514966	99.89026
9.515147	99.89028
9.515327	99.89029
9.515507	99.89031
9.515687	99.89033
9.515867	99.89034
9.516047	99.89036
9.516228	99.89038
9.516408	99.89039
9.516588	99.89041
9.516768	99.89042
9.516948	99.89044
9.517128	99.89046
9.517309	99.89047
9.517489	99.89049
9.517669	99.8905
9.517849	99.89052
9.518029	99.89054
9.518209	99.89055
9.51839	99.89057
9.51857	99.89059
9.51875	99.8906
9.51893	99.89062
9.51911	99.89063
9.51929	99.89065
9.51947	99.89067
9.519651	99.89068
9.519831	99.8907
9.520011	99.89071
9.520191	99.89073
9.520371	99.89075
9.520551	99.89076
9.520732	99.89078
9.520912	99.8908
9.521092	99.89081
9.52113	99.89082
9.521272	99.89083
9.5214	99.89084
9.521452	99.89084
9.521632	99.89086
9.521813	99.89088
9.521993	99.89089
9.522173	99.89091
9.522353	99.89093
9.522533	99.89094
9.522713	99.89096
9.522894	99.89097
9.523074	99.89099
9.523254	99.89101
9.523434	99.89102
9.523614	99.89104
9.523794	99.89105
9.523975	99.89107
9.524155	99.89109
9.524335	99.8911
9.524515	99.89112
9.524695	99.89114
9.524875	99.89115
9.525055	99.89117
9.525236	99.89118
9.525416	99.8912
9.525596	99.89122
9.525776	99.89123
9.525956	99.89125
9.526136	99.89127
9.526317	99.89128
9.526497	99.8913
9.526677	99.89131
9.526857	99.89133
9.527037	99.89135
9.527217	99.89136
9.527398	99.89138
9.527578	99.89139
9.527758	99.89141
9.527938	99.89143
9.528118	99.89144
9.528298	99.89146
9.528478	99.89148
9.528659	99.89149
9.528839	99.89151
9.529019	99.89152
9.529199	99.89154
9.529379	99.89156
9.529559	99.89157
9.52974	99.89159
9.52992	99.8916
9.5301	99.89162
9.53028	99.89164
9.53046	99.89165
9.53064	99.89167
9.530821	99.89169
9.531001	99.8917
9.531181	99.89172
9.531361	99.89173
9.531541	99.89175
9.531721	99.89177
9.531902	99.89178
9.532082	99.8918
9.532262	99.89182
9.532442	99.89183
9.532622	99.89185
9.532802	99.89186
9.532983	99.89188
9.533163	99.8919
9.533343	99.89191
9.533523	99.89193
9.533703	99.89194
9.533883	99.89196
9.534064	99.89198
9.534244	99.89199
9.534424	99.89201
9.534604	99.89203
9.534784	99.89204
9.534964	99.89206
9.535144	99.89207
9.535325	99.89209
9.535505	99.89211
9.535685	99.89212
9.535865	99.89214
9.536045	99.89215
9.536225	99.89217
9.536406	99.89219
9.536586	99.8922
9.536766	99.89222
9.536946	99.89224
9.537126	99.89225
9.537306	99.89227
9.537487	99.89228
9.537667	99.8923
9.537847	99.89232
9.538027	99.89233
9.538207	99.89235
9.538387	99.89237
9.538567	99.89238
9.538748	99.8924
9.538928	99.89241
9.539108	99.89243
9.539288	99.89245
9.539468	99.89246
9.539648	99.89248
9.539829	99.89249
9.540009	99.89251
9.540189	99.89253
9.540369	99.89254
9.540549	99.89256
9.540729	99.89258
9.54091	99.89259
9.54109	99.89261
9.54127	99.89262
9.54145	99.89264
9.54163	99.89266
9.54181	99.89267
9.541991	99.89269
9.542171	99.89271
9.542351	99.89272
9.542531	99.89274
9.542711	99.89275
9.542891	99.89277
9.543072	99.89279
9.543252	99.8928
9.543343	99.89282
9.543612	99.89283
9.543803	99.89287
9.543983	99.89289
9.544163	99.89291
9.544343	99.89292
9.544523	99.89294
9.544703	99.89295
9.544884	99.89297
9.545064	99.89299
9.545244	99.893
9.545424	99.89302
9.545604	99.89304
9.545784	99.89305
9.545965	99.89307
9.546145	99.89308
9.546325	99.8931
9.546505	99.89312
9.546685	99.89313
9.546865	99.89315
9.547045	99.89317
9.547226	99.89318
9.547406	99.8932
9.547586	99.89321
9.547766	99.89323
9.547946	99.89325
9.548126	99.89326
9.548307	99.89328
9.548487	99.89329
9.548667	99.89331
9.548847	99.89333
9.549027	99.89334
9.549207	99.89336
9.549388	99.89338
9.549568	99.89339
9.549748	99.89341
9.549928	99.89342
9.550108	99.89344
9.550288	99.89346
9.550469	99.89347
9.550649	99.89349
9.550829	99.8935
9.551009	99.89352
9.551189	99.89354
9.551369	99.89355
9.55155	99.89357
9.55173	99.89359
9.55191	99.8936
9.55209	99.89362
9.55227	99.89363
9.55245	99.89365
9.552631	99.89367
9.552811	99.89368
9.552991	99.8937
9.553171	99.89371
9.553351	99.89373
9.553531	99.89375
9.553712	99.89376
9.553892	99.89378
9.554072	99.8938
9.554252	99.89381
9.554432	99.89383
9.554612	99.89384
9.554792	99.89386
9.554973	99.89388
9.555153	99.89389
9.555333	99.89391
9.555513	99.89392
9.555693	99.89394
9.555873	99.89396
9.556054	99.89397
9.556223	99.89561
9.556399	99.89565
9.556575	99.89569
9.556751	99.89573
9.556927	99.89578
9.557103	99.89582
9.557279	99.89586
9.557446	99.89593
9.557596	99.89603
9.557723	99.89616
9.557829	99.89631
9.557837	99.89632
9.557941	99.89645
9.558011	99.89653
9.558065	99.89659
9.558198	99.89671
9.558341	99.89682
9.558492	99.89692
9.558651	99.89701
9.558816	99.89708
9.558986	99.89714
9.559161	99.89719
9.559339	99.89722
9.559519	99.89724
9.5597	99.89724
9.55988	99.89723
9.560059	99.89721
9.560237	99.89717
9.560415	99.89714
9.560592	99.89711
9.56077	99.89707
9.560948	99.89704
9.561125	99.897
9.561303	99.89697
9.56148	99.89693
9.561658	99.8969
9.561836	99.89687
9.562013	99.89683
9.562191	99.8968
9.562369	99.89676
9.562546	99.89673
9.562724	99.89669
9.562902	99.89666
9.563079	99.89663
9.563257	99.89659
9.563435	99.89656
9.563612	99.89652
9.56379	99.89649
9.563968	99.89645
9.564145	99.89642
9.564323	99.89639
9.564501	99.89635
9.56468	99.89633
9.564861	99.89633
9.565041	99.89635
9.565219	99.89639
9.565392	99.89644
9.565558	99.89651
9.565717	99.8966
9.565867	99.8967
9.566006	99.89682
9.566133	99.89694
9.566256	99.89708
9.566379	99.89721
9.56638	99.89721
9.566502	99.89735
9.566565	99.89741
9.566626	99.89748
9.566749	99.89761
9.566872	99.89775
9.566995	99.89788
9.567119	99.89801
9.567242	99.89815
9.567365	99.89828
9.567488	99.89841
9.567612	99.89855
9.567735	99.89868
9.567858	99.89881
9.567981	99.89895
9.568105	99.89908
9.568228	99.89921
9.568351	99.89935
9.568474	99.89948
9.568598	99.89961
9.568721	99.89975
9.568844	99.89988
9.568967	99.90001
9.569091	99.90015
9.569214	99.90028
9.569337	99.90041
9.56946	99.90055
9.569584	99.90068
9.569707	99.90081
9.56983	99.90095
9.569953	99.90108
9.570077	99.90121
9.5702	99.90135
9.570323	99.90148
9.570446	99.90161
9.57057	99.90175
9.570693	99.90188
9.570816	99.90201
9.570939	99.90215
9.570997	99.90221
9.571062	99.90228
9.571186	99.90241
9.571309	99.90255
9.571432	99.90268
9.571555	99.90281
9.571679	99.90295
9.571802	99.90308
9.571925	99.90321
9.572048	99.90335
9.572172	99.90348
9.572295	99.90361
9.572418	99.90375
9.572541	99.90388
9.572665	99.90401
9.572788	99.90415
9.572911	99.90428
9.573034	99.90441
9.573158	99.90455
9.573281	99.90468
9.573404	99.90481
9.573527	99.90495
9.573651	99.90508
9.573774	99.90521
9.573897	99.90535
9.57402	99.90548
9.574144	99.90561
9.574267	99.90575
9.57439	99.90588
9.574513	99.90601
9.574637	99.90615
9.57476	99.90628
9.574883	99.90641
9.575006	99.90655
9.57513	99.90668
9.575253	99.90682
9.575376	99.90695
9.575499	99.90708
9.575623	99.90722
9.575746	99.90735
9.575869	99.90748
9.575992	99.90762
9.576116	99.90775
9.576239	99.90788
9.576362	99.90802
9.576485	99.90815
9.576608	99.90828
9.576732	99.90842
9.576855	99.90855
9.576978	99.90868
9.577101	99.90882
9.577225	99.90895
9.577348	99.90908
9.577471	99.90922
9.577594	99.90935
9.577718	99.90948
9.577841	99.90962
9.577964	99.90975
9.578087	99.90988
9.578211	99.91002
9.578334	99.91015
9.578457	99.91028
9.57858	99.91042
9.578704	99.91055
9.578827	99.91068
9.57895	99.91082
9.579073	99.91095
9.579197	99.91108
9.57932	99.91122
9.579443	99.91135
9.579566	99.91148
9.57969	99.91162
9.579813	99.91175
9.579936	99.91188
9.580059	99.91202
9.580183	99.91215
9.580306	99.91228
9.580429	99.91242
9.580552	99.91255
9.580675	99.91268
9.580799	99.91282
9.580922	99.91295
9.581045	99.91308
9.581168	99.91322
9.581292	99.91335
9.581415	99.91348
9.581538	99.91362
9.581661	99.91375
9.581785	99.91388
9.581908	99.91402
9.582031	99.91415
9.582154	99.91428
9.582278	99.91442
9.582401	99.91455
9.582524	99.91468
9.582647	99.91482
9.582771	99.91495
9.582894	99.91509
9.583017	99.91522
9.58314	99.91535
9.583263	99.91549
9.583387	99.91562
9.58351	99.91575
9.583633	99.91589
9.583756	99.91602
9.58388	99.91615
9.584003	99.91629
9.584126	99.91642
9.584249	99.91655
9.584373	99.91669
9.584496	99.91682
9.584619	99.91695
9.584742	99.91709
9.584866	99.91722
9.584989	99.91735
9.585112	99.91749
9.585235	99.91762
9.585359	99.91775
9.585482	99.91789
9.585605	99.91802
9.585728	99.91815
9.585851	99.91829
9.585975	99.91842
9.586098	99.91855
9.586221	99.91869
9.586344	99.91882
9.586468	99.91895
9.586591	99.91909
9.586714	99.91922
9.586837	99.91935
9.586961	99.91949
9.587084	99.91962
9.587207	99.91975
9.58733	99.91989
9.587454	99.92002
9.587577	99.92015
9.5877	99.92029
9.587823	99.92042
9.587947	99.92055
9.58807	99.92069
9.588193	99.92082
9.588316	99.92095
9.588438	99.92109
9.588559	99.92122
9.588679	99.92136
9.588798	99.9215
9.588916	99.92164
9.589033	99.92177
9.58915	99.92191
9.589265	99.92205
9.58938	99.9222
9.589494	99.92234
9.589606	99.92248
9.589718	99.92262
9.589829	99.92277
9.589939	99.92291
9.590047	99.92306
9.590155	99.9232
9.590262	99.92335
9.590368	99.9235
9.590473	99.92365
9.590577	99.9238
9.59068	99.92395
9.590782	99.9241
9.590883	99.92425
9.590983	99.9244
9.591082	99.92455
9.59118	99.92471
9.591277	99.92486
9.591373	99.92501
9.591468	99.92517
9.591562	99.92532
9.591655	99.92548
9.591747	99.92564
9.591838	99.9258
9.591927	99.92595
9.592016	99.92611
9.592104	99.92627
9.59219	99.92643
9.592276	99.92659
9.59236	99.92675
9.592444	99.92692
9.592526	99.92708
9.592607	99.92724
9.592687	99.9274
9.592767	99.92757
9.592844	99.92773
9.592921	99.9279
9.592997	99.92806
9.593072	99.92823
9.593146	99.92839
9.593218	99.92856
9.59329	99.92873
9.59336	99.9289
9.593429	99.92907
9.593497	99.92923
9.593564	99.9294
9.59363	99.92957
9.593695	99.92974
9.593758	99.92991
9.593821	99.93009
9.593882	99.93026
9.593942	99.93043
9.594001	99.9306
9.594059	99.93077
9.594116	99.93095
9.594171	99.93112
9.594226	99.93129
9.594279	99.93147
9.594331	99.93164
9.594382	99.93182
9.594432	99.93199
9.594481	99.93217
9.594529	99.93234
9.594575	99.93252
9.59462	99.9327
9.594664	99.93287
9.594707	99.93305
9.594749	99.93323
9.594789	99.93341
9.594829	99.93358
9.594867	99.93376
9.594904	99.93394
9.594939	99.93412
9.594974	99.9343
9.595007	99.93448
9.59504	99.93466
9.595071	99.93483
9.595101	99.93501
9.595129	99.93519
9.595157	99.93537
9.595183	99.93556
9.595208	99.93574
9.595232	99.93592
9.595255	99.9361
9.595276	99.93628
9.595297	99.93646
9.595316	99.93664
9.595334	99.93682
9.59535	99.937
9.595366	99.93718
9.59538	99.93737
9.595393	99.93755
9.595405	99.93773
9.595416	99.93791
9.595425	99.93809
9.595434	99.93828
9.595441	99.93846
9.595447	99.93864
9.595452	99.93882
9.595456	99.939
9.595461	99.93919
9.595466	99.93937
9.595471	99.93955
9.595476	99.93973
9.59548	99.93992
9.595485	99.9401
9.59549	99.94028
9.595495	99.94046
9.5955	99.94064
9.595504	99.94083
9.595509	99.94101
9.595514	99.94119
9.595519	99.94137
9.595524	99.94156
9.595528	99.94174
9.595533	99.94192
9.595538	99.9421
9.595543	99.94228
9.595548	99.94247
9.595552	99.94265
9.595557	99.94283
9.595562	99.94301
9.595567	99.94319
9.595572	99.94338
9.595577	99.94356
9.595581	99.94374
9.595586	99.94392
9.595591	99.94411
9.595596	99.94429
9.595601	99.94447
9.595605	99.94465
9.59561	99.94483
9.595615	99.94502
9.59562	99.9452
9.595625	99.94538
9.595629	99.94556
9.595634	99.94575
9.595639	99.94593
9.595644	99.94611
9.595649	99.94629
9.595653	99.94647
9.595658	99.94666
9.595663	99.94684
9.595668	99.94702
9.595673	99.9472
9.595677	99.94738
9.595682	99.94757
9.595687	99.94775
9.595692	99.94793
9.595697	99.94811
9.595701	99.9483
9.595706	99.94848
9.595711	99.94866
9.595716	99.94884
9.595721	99.94902
9.595725	99.94921
9.59573	99.94939
9.595735	99.94957
9.59574	99.94975
9.595745	99.94994
9.595749	99.95012
9.595754	99.9503
9.595759	99.95048
9.595764	99.95066
9.595769	99.95085
9.595773	99.95103
9.595778	99.95121
9.595783	99.95139
9.595788	99.95157
9.595793	99.95176
9.595797	99.95194
9.595802	99.95212
9.595807	99.9523
9.595812	99.95249
9.595817	99.95267
9.595822	99.95285
9.595826	99.95303
9.595831	99.95321
9.595836	99.9534
9.595841	99.95358
9.595846	99.95376
9.59585	99.95394
9.595855	99.95413
9.59586	99.95431
9.595865	99.95449
9.595869	99.95467
9.595874	99.95485
9.595879	99.95504
9.595884	99.95522
9.595889	99.9554
9.595893	99.95558
9.595898	99.95577
9.595903	99.95595
9.595908	99.95613
9.595913	99.95631
9.595918	99.95649
9.595922	99.95668
9.595927	99.95686
9.595932	99.95704
9.595937	99.95722
9.595941	99.9574
9.595946	99.95759
9.595951	99.95777
9.595956	99.95795
9.595961	99.95813
9.595965	99.95832
9.59597	99.9585
9.595975	99.95868
9.59598	99.95886
9.595985	99.95904
9.595989	99.95923
9.595994	99.95941
9.595999	99.95959
9.596004	99.95977
9.596009	99.95996
9.596013	99.96014
9.596018	99.96032
9.596023	99.9605
9.596028	99.96068
9.596033	99.96087
9.596037	99.96105
9.596042	99.96123
9.596047	99.96141
9.596052	99.96159
9.596057	99.96178
9.596061	99.96196
9.596066	99.96214
9.596071	99.96232
9.596076	99.96251
9.596081	99.96269
9.596085	99.96287
9.59609	99.96305
9.596095	99.96323
9.5961	99.96342
9.596105	99.9636
9.596109	99.96378
9.596114	99.96396
9.596119	99.96415
9.596124	99.96433
9.596129	99.96451
9.596133	99.96469
9.596138	99.96487
9.596143	99.96506
9.596148	99.96524
9.596153	99.96542
9.596157	99.9656
9.596162	99.96578
9.596167	99.96597
9.596172	99.96615
9.596177	99.96633
9.596181	99.96651
9.596186	99.9667
9.596191	99.96688
9.596196	99.96706
9.5962	99.96724
9.596205	99.96742
9.59621	99.96761
9.596215	99.96779
9.59622	99.96797
9.596224	99.96815
9.596229	99.96834
9.596234	99.96852
9.596239	99.9687
9.596244	99.96888
9.596248	99.96906
9.596253	99.96925
9.596258	99.96943
9.596263	99.96961
9.596268	99.96979
9.596272	99.96998
9.596277	99.97016
9.596282	99.97034
9.596287	99.97052
9.596292	99.9707
9.596296	99.97089
9.596301	99.97107
9.596306	99.97125
9.596311	99.97143
9.596315	99.97161
9.59632	99.9718
9.596325	99.97198
9.59633	99.97216
9.596335	99.97234
9.596339	99.97253
9.596344	99.97271
9.596349	99.97289
9.596354	99.97307
9.596359	99.97325
9.596363	99.97344
9.596368	99.97362
9.596373	99.9738
9.596378	99.97398
9.596383	99.97417
9.596387	99.97435
9.596392	99.97453
9.596397	99.97471
9.596402	99.97489
9.596406	99.97508
9.596411	99.97526
9.596416	99.97544
9.596421	99.97562
9.596426	99.9758
9.59643	99.97599
9.596435	99.97617
9.59644	99.97635
9.596445	99.97653
9.59645	99.97672
9.596454	99.9769
9.596459	99.97708
9.596464	99.97726
9.596469	99.97744
9.596474	99.97763
9.596478	99.97781
9.596483	99.97799
9.596488	99.97817
9.596493	99.97836
9.596497	99.97854
9.596502	99.97872
9.596507	99.9789
9.596512	99.97908
9.596517	99.97927
9.596521	99.97945
9.596526	99.97963
9.596531	99.97981
9.596536	99.97999
9.596541	99.98018
9.596545	99.98036
9.59655	99.98054
9.596555	99.98072
9.59656	99.98091
9.596564	99.98109
9.596569	99.98127
9.596574	99.98145
9.596579	99.98163
9.596584	99.98182
9.596588	99.982
9.596593	99.98218
9.596598	99.98236
9.596603	99.98255
9.596608	99.98273
9.596612	99.98291
9.596617	99.98309
9.596622	99.98327
9.596627	99.98346
9.596631	99.98364
9.596636	99.98382
9.596641	99.984
9.596646	99.98419
9.596651	99.98437
9.596655	99.98455
9.59666	99.98473
9.596665	99.98491
9.59667	99.9851
9.596675	99.98528
9.596679	99.98546
9.596684	99.98564
9.596689	99.98582
9.596694	99.98601
9.596698	99.98619
9.596703	99.98637
9.596708	99.98655
9.596713	99.98674
9.596718	99.98692
9.596722	99.9871
9.596727	99.98728
9.596732	99.98746
9.596737	99.98765
9.596741	99.98783
9.596746	99.98801
9.596751	99.98819
9.596756	99.98838
9.596761	99.98856
9.596765	99.98874
9.59677	99.98892
9.596775	99.9891
9.59678	99.98929
9.596785	99.98947
9.596789	99.98965
9.596794	99.98983
9.596799	99.99001
9.596804	99.9902
9.596808	99.99038
9.596813	99.99056
9.596816	99.99074
9.596816	99.99093
9.596814	99.99111
9.596809	99.99129
9.596802	99.99147
9.596793	99.99165
9.596781	99.99184
9.596767	99.99202
9.596751	99.9922
9.596732	99.99238
9.59671	99.99256
9.596686	99.99274
9.59666	99.99292
9.596632	99.9931
9.596601	99.99328
9.596567	99.99346
9.596532	99.99364
9.596494	99.99382
9.596453	99.994
9.596411	99.99417
9.596366	99.99435
9.596318	99.99453
9.596269	99.9947
9.596216	99.99487
9.596162	99.99505
9.596105	99.99522
9.596047	99.99539
9.595985	99.99557
9.595922	99.99574
9.595856	99.99591
9.595788	99.99607
9.595718	99.99624
9.595646	99.99641
9.595571	99.99658
9.595494	99.99674
9.595415	99.9969
9.595334	99.99707
9.595251	99.99723
9.595166	99.99739
9.595078	99.99755
9.594988	99.99771
9.594897	99.99786
9.594803	99.99802
9.594707	99.99818
9.594668	99.99824
9.594609	99.99833
9.59452	99.99846
9.594509	99.99848
9.594407	99.99863
9.594303	99.99878
9.594198	99.99893
9.59409	99.99907
9.59398	99.99922
9.593868	99.99936
9.593755	99.9995
9.59364	99.99964
9.593522	99.99978
9.593403	99.99992
9.593282	100.0001
9.59316	100.0002
9.593035	100.0003
9.592909	100.0005
9.592781	100.0006
9.592652	100.0007
9.592521	100.0008
9.592388	100.001
9.592253	100.0011
9.592117	100.0012
9.591979	100.0013
9.59184	100.0014
9.591699	100.0015
9.591557	100.0017
9.591413	100.0018
9.591268	100.0019
9.591122	100.002
9.590974	100.0021
9.590824	100.0022
9.590674	100.0023
9.590521	100.0024
9.590368	100.0025
9.590214	100.0026
9.590058	100.0027
9.589901	100.0028
9.589742	100.0029
9.589583	100.0029
9.589423	100.003
9.589261	100.0031
9.589098	100.0032
9.588935	100.0033
9.58877	100.0033
9.588604	100.0034
9.588437	100.0035
9.58827	100.0036
9.588101	100.0036
9.587932	100.0037
9.587762	100.0037
9.587591	100.0038
9.587419	100.0039
9.587247	100.0039
9.587073	100.004
9.5869	100.004
9.586725	100.0041
9.58655	100.0041
9.586374	100.0042
9.586198	100.0042
9.586021	100.0042
9.585844	100.0043
9.585666	100.0043
9.585488	100.0043
9.585309	100.0044
9.58513	100.0044
9.584951	100.0044
9.584771	100.0044
9.584592	100.0045
9.584411	100.0045
9.584231	100.0045
9.584051	100.0045
9.58387	100.0045
9.583689	100.0045
9.583508	100.0045
9.583328	100.0045
9.583147	100.0045
9.582966	100.0045
9.582785	100.0045
9.582604	100.0045
9.582423	100.0045
9.582242	100.0045
9.582062	100.0045
9.581881	100.0045
9.5817	100.0045
9.581519	100.0045
9.581338	100.0045
9.581157	100.0045
9.580976	100.0045
9.580796	100.0045
9.580615	100.0045
9.580434	100.0045
9.580253	100.0045
9.580072	100.0045
9.579891	100.0045
9.57971	100.0045
9.579529	100.0045
9.579349	100.0045
9.579168	100.0045
9.578987	100.0045
9.578806	100.0045
9.578625	100.0045
9.578444	100.0045
9.578263	100.0045
9.578082	100.0045
9.577902	100.0045
9.577721	100.0045
9.57754	100.0045
9.577359	100.0045
9.577178	100.0045
9.576997	100.0045
9.576816	100.0045
9.576636	100.0045
9.576455	100.0045
9.576274	100.0045
9.576093	100.0045
9.575912	100.0045
9.575731	100.0045
9.57555	100.0045
9.575369	100.0045
9.575189	100.0045
9.575008	100.0045
9.574827	100.0045
9.574646	100.0045
9.574465	100.0045
9.574284	100.0045
9.574103	100.0045
9.573923	100.0045
9.573742	100.0045
9.573561	100.0045
9.57338	100.0045
9.573199	100.0045
9.573019	100.0045
9.572839	100.0045
9.572658	100.0045
9.572477	100.0045
9.572297	100.0045
9.572119	100.0044
9.571938	100.0044
9.571757	100.0044
9.571577	100.0044
9.571396	100.0044
9.571215	100.0044
9.571035	100.0044
9.570854	100.0044
9.570673	100.0044
9.570493	100.0044
9.570313	100.0044
9.570132	100.0044
9.569952	100.0044
9.569772	100.0044
9.569592	100.0044
9.569414	100.0045
9.569235	100.0045
9.569055	100.0045
9.568875	100.0045
9.568694	100.0045
9.568624	100.0045
